1 2 70.9
2 3 91.6
2 38 68.3
2 77 6.3
3 4 17.7
3 20 35.1
4 5 9.8
4 49 5.1
4 62 40.7
5 6 31.3
6 7 41.6
6 17 71.5
6 94 3.6
7 8 77.2
7 60 86.1
8 9 95.0
8 11 4.3
8 82 9.7
9 10 42.0
9 27 88.7
9 38 46.1
9 52 87.1
10 11 23.5
11 12 63.1
11 75 2.8
12 13 35.2
12 66 69.7
13 14 8.7
13 52 52.3
13 56 51.5
13 93 45.6
14 15 97.6
14 56 57.5
14 96 1.6
15 16 49.4
15 31 71.7
15 48 13.6
15 91 89.3
16 17 28.5
16 26 45.9
16 44 20.5
16 73 39.6
17 18 67.6
17 19 5.0
18 19 22.0
18 84 1.0
19 20 48.5
20 21 26.9
20 67 55.3
21 22 22.6
22 23 92.1
22 68 80.5
22 95 73.1
23 24 19.1
23 95 55.1
23 100 69.5
24 25 82.7
24 73 11.4
24 94 86.2
25 26 65.1
25 59 45.0
25 71 31.6
26 27 65.3
26 54 4.8
27 28 41.0
27 46 2.7
27 49 48.8
27 93 97.2
28 29 18.0
28 79 55.0
29 30 25.7
30 31 3.4
30 68 2.2
31 32 62.8
31 85 88.8
32 33 21.6
33 34 39.7
33 81 32.3
34 35 53.7
34 92 8.3
35 36 80.1
36 37 22.4
36 58 24.4
37 38 24.4
38 39 30.7
38 66 1.0
38 99 83.2
39 40 77.1
39 91 47.2
40 41 9.2
40 97 54.5
41 42 84.3
42 43 68.8
42 91 13.4
43 44 40.6
43 52 94.0
43 77 18.4
43 83 56.0
44 45 51.9
44 92 1.2
45 46 13.7
45 58 97.5
46 47 50.7
46 75 91.9
47 48 91.9
48 49 82.7
48 75 98.0
49 50 47.2
49 58 61.0
49 100 1.3
50 51 24.3
50 96 99.3
50 97 11.6
51 52 65.9
51 59 75.0
52 53 50.0
53 54 47.1
53 62 18.5
54 55 86.8
54 56 2.3
55 56 64.2
56 57 91.7
57 58 82.2
58 59 34.3
58 80 25.3
59 60 100.0
60 61 44.7
60 85 26.7
61 62 44.1
61 78 89.9
62 63 16.8
62 76 42.2
62 89 86.5
63 64 86.3
64 65 16.2
64 80 27.3
64 100 80.2
65 66 97.8
65 77 42.3
65 89 70.7
66 67 42.9
66 85 98.3
66 87 83.5
66 95 54.1
67 68 10.5
68 69 97.1
68 77 58.2
69 70 12.9
69 80 69.4
70 71 17.1
71 72 12.7
72 73 37.3
73 74 30.6
74 75 79.7
75 76 77.6
76 77 2.3
77 78 52.7
78 79 5.1
79 80 65.2
80 81 92.0
81 82 47.3
82 83 97.2
83 84 37.0
84 85 79.0
84 88 95.4
85 86 18.2
86 87 36.3
87 88 31.1
88 89 29.9
89 90 52.0
90 91 48.2
91 92 54.6
92 93 17.5
93 94 7.2
94 95 98.7
95 96 36.0
96 97 25.5
97 98 24.3
98 99 42.5
99 100 48.1
