1 2 39.8
2 3 42.5
2 6 47.5
2 7 50.3
3 4 11.4
3 39 10.8
4 5 20.8
4 48 8.9
4 98 17.3
5 6 94.4
5 14 95.3
5 54 91.1
6 7 18.9
6 73 9.3
7 8 83.2
7 20 25.1
7 48 23.9
8 9 96.7
8 22 54.3
8 54 4.9
8 80 17.6
9 10 89.3
10 11 67.3
10 36 61.9
11 12 81.6
11 45 81.8
11 91 8.0
12 13 17.7
12 83 6.2
12 85 12.3
13 14 79.8
13 51 87.5
13 54 16.6
14 15 17.1
14 65 6.6
15 16 4.3
15 55 2.0
15 78 11.6
16 17 72.5
16 37 13.5
16 62 15.3
17 18 42.5
17 22 57.9
17 50 67.2
17 77 55.3
17 91 62.1
18 19 26.6
19 20 15.7
19 39 44.6
19 81 69.8
20 21 94.4
20 49 43.2
20 80 84.4
21 22 71.1
22 23 32.6
22 81 74.5
23 24 27.9
23 87 5.4
24 25 77.7
25 26 9.3
25 50 26.0
25 77 37.5
25 99 49.0
26 27 29.7
26 32 28.2
26 49 41.5
27 28 14.8
27 65 63.9
28 29 57.9
28 66 63.5
29 30 52.1
30 31 98.8
30 76 1.9
30 88 5.7
31 32 97.0
31 44 95.4
31 58 24.6
32 33 97.7
32 95 22.1
33 34 19.7
33 54 27.7
33 68 8.4
33 70 24.7
33 98 35.1
34 35 65.0
34 76 74.9
35 36 39.7
35 82 68.6
35 94 99.3
36 37 88.8
36 48 47.7
37 38 92.9
38 39 57.2
38 92 88.9
39 40 61.4
39 53 13.3
40 41 90.3
41 42 51.0
42 43 89.5
43 44 55.3
43 81 47.8
43 87 51.4
43 90 50.8
44 45 28.8
44 52 93.7
44 90 93.8
45 46 64.1
45 63 61.1
46 47 48.4
47 48 24.2
48 49 12.5
48 53 87.0
48 74 42.9
48 86 37.6
48 96 26.2
49 50 56.2
50 51 1.7
51 52 65.3
52 53 59.2
53 54 55.9
54 55 16.6
54 79 64.5
55 56 56.4
55 94 73.3
56 57 21.1
56 70 74.7
57 58 86.5
58 59 62.4
59 60 57.8
60 61 90.8
60 62 29.6
60 85 36.1
61 62 38.1
62 63 42.2
62 85 20.9
63 64 59.3
64 65 34.3
64 74 31.3
65 66 3.2
66 67 41.4
66 94 35.6
67 68 52.7
68 69 89.6
69 70 82.2
70 71 26.3
71 72 39.6
72 73 89.5
73 74 45.8
73 75 96.3
73 82 52.7
74 75 92.7
74 96 10.0
75 76 4.7
76 77 41.8
77 78 33.5
78 79 42.5
78 95 59.4
79 80 87.7
80 81 45.6
81 82 89.3
82 83 10.8
83 84 98.6
84 85 43.0
84 99 64.4
85 86 69.8
86 87 21.1
86 89 87.6
87 88 87.0
88 89 63.5
89 90 2.9
90 91 33.8
91 92 53.4
92 93 40.8
93 94 50.3
94 95 37.3
95 96 25.9
96 97 36.3
97 98 36.0
98 99 94.8
99 100 1.2
