1 2 27.3
1 71 82.6
2 3 83.2
3 4 11.4
3 23 57.9
4 5 35.2
4 100 17.2
5 6 13.4
5 61 95.4
5 65 97.6
5 69 23.3
6 7 77.0
6 10 16.6
6 14 56.3
6 21 3.2
6 43 58.7
6 53 29.2
6 56 91.9
7 8 89.3
7 17 19.4
8 9 58.2
8 32 26.5
9 10 42.8
9 13 8.6
9 59 53.2
10 11 18.4
10 96 65.9
11 12 12.1
11 15 9.0
11 75 87.8
12 13 21.3
13 14 66.8
13 67 99.7
14 15 29.8
15 16 97.2
15 33 51.1
15 59 63.2
15 86 29.0
16 17 53.7
16 43 36.5
16 58 74.7
16 68 65.8
17 18 42.1
17 68 50.7
17 85 25.5
18 19 19.4
19 20 76.9
20 21 8.5
20 38 51.7
20 68 57.1
21 22 22.7
21 32 64.0
21 33 20.4
22 23 72.0
22 90 81.9
23 24 74.3
24 25 99.9
25 26 14.5
25 53 78.5
25 60 54.9
26 27 12.0
26 40 48.7
26 51 90.2
27 28 60.2
28 29 85.7
28 36 91.7
28 89 62.1
29 30 26.1
29 92 61.7
30 31 83.0
31 32 27.7
31 62 80.8
31 68 3.7
31 70 16.5
31 85 19.7
31 90 82.7
32 33 86.8
32 49 87.4
32 61 35.4
32 85 89.2
33 34 43.0
34 35 94.4
34 47 89.9
35 36 64.7
35 84 59.2
36 37 7.6
36 96 86.4
37 38 76.2
37 53 15.2
38 39 86.8
39 40 95.7
40 41 9.1
41 42 31.2
41 77 37.2
41 83 87.2
42 43 12.1
43 44 29.7
44 45 91.9
44 73 7.2
45 46 29.8
45 57 98.2
45 67 33.5
46 47 80.6
47 48 2.2
47 85 64.2
48 49 45.7
49 50 84.2
49 52 63.0
49 60 54.4
49 94 41.0
50 51 24.7
51 52 22.9
51 60 40.9
52 53 88.3
53 54 14.3
53 67 81.8
54 55 9.6
55 56 37.6
56 57 86.2
56 72 94.9
57 58 43.6
57 96 39.0
58 59 29.8
59 60 13.3
60 61 9.7
61 62 76.4
61 68 36.8
62 63 2.4
63 64 92.1
64 65 45.5
64 77 7.4
64 98 82.1
65 66 24.2
66 67 77.1
66 89 29.9
67 68 52.7
67 88 62.6
68 69 6.9
68 99 38.6
69 70 26.9
69 76 41.3
69 96 37.1
70 71 26.9
71 72 62.2
72 73 21.0
72 89 25.8
72 97 52.9
73 74 78.0
74 75 45.1
74 89 73.4
75 76 49.8
76 77 88.5
76 86 2.4
77 78 24.8
78 79 16.8
79 80 23.7
80 81 89.8
81 82 4.6
81 93 79.7
82 83 72.2
82 99 47.6
83 84 54.9
84 85 68.9
84 86 26.9
85 86 64.6
86 87 39.6
86 89 35.0
87 88 8.1
88 89 13.3
89 90 23.8
90 91 95.2
91 92 80.1
92 93 9.7
93 94 56.7
94 95 15.4
95 96 3.3
96 97 75.0
97 98 53.6
98 99 15.1
99 100 89.2
