1 2 40.5
1 30 31.9
1 45 19.4
1 67 9.9
1 82 29.9
2 3 81.4
2 13 26.6
2 61 66.3
3 4 15.8
3 24 79.8
3 48 58.5
4 5 66.7
4 46 36.8
5 6 24.4
5 23 29.3
5 94 99.7
6 7 39.5
6 35 24.9
6 45 15.9
6 56 67.9
7 8 90.8
7 68 98.6
8 9 71.4
8 22 73.9
8 56 97.3
9 10 45.3
9 83 46.8
10 11 42.6
10 19 84.1
10 24 52.5
11 12 87.2
11 97 89.9
12 13 92.5
12 18 88.4
12 45 2.7
12 63 79.4
13 14 34.6
13 74 47.1
14 15 78.2
14 95 17.1
15 16 95.4
15 68 84.0
16 17 8.4
17 18 90.9
17 94 41.6
17 98 68.3
18 19 42.5
19 20 61.4
19 26 93.0
20 21 70.4
20 53 63.1
21 22 44.4
21 83 18.1
22 23 11.3
23 24 78.5
23 66 73.2
23 74 10.4
24 25 88.6
25 26 15.3
25 28 38.8
25 48 70.3
26 27 8.6
26 66 82.7
27 28 38.2
27 41 49.2
27 57 27.4
27 77 65.0
28 29 79.1
28 36 86.6
28 38 90.9
29 30 99.5
29 42 38.6
30 31 30.8
30 35 88.7
30 93 25.9
31 32 79.0
31 54 41.8
31 94 3.1
32 33 61.1
32 37 95.7
32 77 33.0
33 34 76.0
33 60 36.6
34 35 80.5
35 36 32.1
36 37 99.1
37 38 59.2
37 56 49.3
37 63 33.1
38 39 67.3
38 80 67.2
38 82 83.4
39 40 78.2
40 41 54.1
40 85 42.8
41 42 77.2
41 44 13.9
41 99 88.1
42 43 21.8
42 55 13.6
43 44 67.1
43 100 10.1
44 45 43.2
45 46 73.8
45 55 96.2
46 47 72.5
46 71 12.5
46 96 77.2
47 48 93.0
47 78 96.0
48 49 60.1
49 50 35.1
50 51 2.2
50 88 87.7
51 52 8.7
52 53 51.6
53 54 19.2
53 55 65.3
54 55 65.8
54 72 82.1
55 56 10.8
56 57 46.9
56 71 12.3
57 58 13.1
58 59 57.2
59 60 31.1
59 74 50.3
59 91 49.7
60 61 68.3
61 62 6.4
61 66 44.4
62 63 27.3
63 64 2.8
64 65 83.9
64 98 30.5
65 66 98.0
65 89 81.8
66 67 67.6
67 68 83.7
68 69 11.6
69 70 93.1
70 71 52.8
71 72 83.8
71 78 50.8
72 73 86.8
73 74 1.3
73 76 3.2
73 80 22.2
74 75 83.9
74 95 74.0
75 76 33.3
76 77 29.5
76 91 45.6
77 78 13.6
78 79 90.2
78 88 84.5
79 80 6.4
80 81 99.3
81 82 71.1
82 83 21.9
82 99 17.6
83 84 30.3
84 85 66.9
85 86 50.9
86 87 19.0
87 88 65.1
87 98 91.1
88 89 22.8
89 90 74.2
90 91 36.5
91 92 78.2
92 93 50.8
93 94 11.2
94 95 51.6
95 96 2.2
95 98 33.5
96 97 51.4
97 98 79.8
98 99 5.8
99 100 26.9
