1 2 24.8
2 3 53.8
2 66 30.0
3 4 53.0
3 7 77.9
4 5 60.4
4 68 34.0
5 6 39.0
5 22 24.5
5 36 13.7
5 39 69.6
6 7 33.4
6 18 19.9
6 41 67.5
6 43 30.2
6 52 18.1
7 8 98.4
7 31 95.7
7 54 29.4
7 56 28.0
8 9 25.5
9 10 99.2
9 72 61.4
10 11 17.7
10 41 10.9
10 90 37.4
11 12 19.9
11 38 26.6
11 67 66.7
11 78 74.0
11 93 18.0
12 13 86.7
12 18 92.7
12 36 58.0
13 14 75.4
13 22 35.0
14 15 83.0
14 18 71.3
14 42 50.5
15 16 76.9
15 50 71.4
15 69 51.3
15 76 26.5
16 17 60.3
17 18 99.9
18 19 58.2
18 48 55.5
19 20 97.0
19 45 63.8
20 21 75.8
20 59 16.8
21 22 57.3
21 26 24.2
21 98 14.9
22 23 96.5
23 24 65.9
24 25 33.9
24 26 20.8
24 54 14.9
24 58 11.1
24 96 25.2
25 26 11.6
25 63 3.3
25 74 70.1
25 91 53.0
26 27 1.1
26 46 50.3
27 28 81.0
27 53 61.9
28 29 92.5
28 65 63.1
29 30 3.7
29 84 52.4
30 31 89.4
30 73 18.7
31 32 48.0
31 46 44.6
32 33 51.7
32 41 43.2
32 49 76.6
32 81 77.4
33 34 67.7
34 35 8.6
35 36 26.5
36 37 40.5
37 38 49.4
37 84 97.8
38 39 70.7
39 40 87.5
39 47 70.2
39 56 68.6
39 88 58.9
40 41 68.2
41 42 35.0
42 43 81.6
42 79 17.9
42 85 27.4
43 44 69.5
43 83 25.3
44 45 76.2
44 92 43.2
45 46 8.0
46 47 99.1
46 71 87.0
47 48 49.7
48 49 84.5
49 50 72.2
49 51 91.9
49 65 1.4
49 71 1.5
49 75 5.3
50 51 64.2
51 52 46.4
51 65 4.1
52 53 35.6
52 75 8.2
52 91 50.7
53 54 83.9
54 55 57.2
54 95 83.6
55 56 39.8
56 57 15.9
57 58 79.0
58 59 8.4
59 60 28.2
59 62 31.4
60 61 79.4
60 87 10.4
60 92 18.6
61 62 97.8
61 81 79.3
62 63 3.6
63 64 28.6
64 65 91.2
64 70 75.2
65 66 18.2
65 80 34.9
66 67 52.3
67 68 70.5
68 69 10.3
69 70 34.2
69 93 16.9
70 71 15.8
70 93 18.8
71 72 2.6
72 73 73.9
72 84 86.9
72 91 13.0
73 74 97.9
74 75 94.7
75 76 26.3
76 77 93.4
77 78 27.8
77 91 80.7
78 79 75.9
79 80 34.8
80 81 7.1
81 82 55.5
82 83 64.3
83 84 60.3
83 95 49.0
83 98 59.3
84 85 38.3
85 86 70.2
85 95 97.6
86 87 82.1
87 88 3.2
88 89 79.2
89 90 72.5
90 91 53.7
91 92 24.3
91 97 50.7
92 93 2.3
93 94 56.2
94 95 70.3
95 96 7.1
96 97 87.2
97 98 97.0
98 99 30.6
99 100 68.5
