1 2 20.3
1 33 33.0
1 39 3.7
2 3 21.5
3 4 57.7
3 39 25.7
3 66 63.2
3 90 12.8
4 5 68.0
4 22 86.0
5 6 25.5
5 59 94.5
5 95 55.6
6 7 5.5
6 11 95.6
6 99 1.2
7 8 28.6
7 59 12.1
8 9 75.1
8 33 39.6
8 50 32.8
8 98 60.5
9 10 85.7
9 92 48.3
10 11 26.8
11 12 92.5
11 26 13.4
11 51 84.9
11 87 3.3
12 13 61.5
12 39 38.7
12 79 50.6
13 14 40.5
13 93 23.9
14 15 40.0
14 88 61.5
14 94 67.4
15 16 66.9
15 20 39.7
15 36 26.6
15 78 44.8
16 17 45.8
16 80 81.3
17 18 55.1
17 26 92.8
18 19 77.6
19 20 38.7
19 84 31.4
20 21 64.7
20 27 14.5
20 74 30.1
20 92 99.2
21 22 92.4
22 23 41.2
23 24 65.6
23 98 66.0
23 99 42.2
24 25 85.6
25 26 34.6
26 27 27.6
26 31 24.7
26 38 99.3
26 67 22.7
27 28 11.7
27 36 40.9
28 29 91.2
29 30 67.5
30 31 75.7
30 85 43.6
30 88 73.5
31 32 29.8
31 71 17.7
32 33 82.4
33 34 25.5
33 98 21.8
33 100 58.6
34 35 56.4
34 63 72.8
34 70 85.5
35 36 8.0
35 96 4.5
36 37 64.1
37 38 45.1
37 77 64.5
37 92 11.3
37 96 65.2
38 39 39.7
38 83 64.8
39 40 50.9
39 74 14.3
40 41 23.2
41 42 97.8
42 43 82.4
42 78 94.8
42 90 89.7
42 98 40.4
43 44 71.4
43 67 54.6
44 45 18.4
45 46 73.0
45 51 50.5
45 87 23.8
46 47 5.7
46 81 4.1
47 48 93.5
47 79 32.6
48 49 59.7
49 50 94.2
49 59 8.7
50 51 98.2
50 58 62.5
50 87 46.1
50 96 62.8
51 52 80.2
51 79 74.9
52 53 100.0
53 54 56.1
53 75 14.8
54 55 84.0
55 56 50.5
56 57 30.5
57 58 93.2
58 59 75.8
59 60 40.9
60 61 36.7
61 62 63.2
61 74 47.8
62 63 84.7
62 86 99.2
63 64 80.7
64 65 60.2
64 76 55.7
65 66 5.9
66 67 5.2
66 85 34.7
66 90 28.4
67 68 3.0
67 76 25.1
68 69 7.0
69 70 54.3
69 92 98.3
70 71 73.2
70 85 76.1
70 93 26.1
71 72 56.9
72 73 55.5
72 90 89.7
73 74 18.0
73 93 7.6
74 75 51.0
75 76 82.2
76 77 45.7
76 95 69.4
77 78 46.6
78 79 81.7
78 88 15.2
79 80 22.8
79 85 6.3
80 81 83.0
81 82 10.4
82 83 15.5
82 97 52.6
83 84 2.2
84 85 61.2
85 86 38.3
86 87 49.6
87 88 68.2
88 89 16.1
89 90 67.0
90 91 56.9
90 96 98.7
91 92 75.3
92 93 54.7
93 94 73.4
94 95 51.5
95 96 91.1
96 97 79.8
97 98 37.8
98 99 84.3
99 100 4.7
