1 2 7.1
1 74 31.2
2 3 95.8
2 22 16.5
2 38 56.8
2 85 73.6
2 88 44.3
3 4 56.8
3 87 27.1
4 5 97.3
4 78 3.4
4 83 63.9
5 6 15.8
5 65 37.8
6 7 32.4
6 73 64.4
7 8 58.6
7 26 81.8
7 78 41.9
8 9 51.6
8 67 31.6
9 10 3.5
10 11 76.4
10 23 10.5
10 50 20.0
10 75 24.4
10 79 86.1
11 12 45.5
11 28 6.0
11 32 20.6
11 72 72.1
12 13 79.4
12 49 10.3
13 14 54.4
13 97 46.8
14 15 23.8
15 16 73.9
16 17 65.9
16 61 65.6
17 18 93.0
18 19 1.1
18 51 71.4
19 20 38.1
19 76 74.9
20 21 40.8
21 22 59.3
21 32 89.5
21 55 37.9
22 23 87.3
23 24 71.4
23 87 50.8
24 25 1.6
24 59 84.0
24 97 50.0
25 26 66.2
25 84 85.8
26 27 90.7
26 52 86.9
26 57 56.7
26 89 79.6
27 28 94.9
27 90 79.0
28 29 67.5
29 30 93.0
30 31 78.0
31 32 14.5
31 66 93.3
31 76 58.7
31 88 86.1
32 33 19.8
32 39 36.7
32 65 35.5
33 34 26.9
34 35 65.6
34 73 40.6
34 91 37.1
35 36 14.9
36 37 79.1
36 68 42.8
36 70 71.2
37 38 55.1
38 39 61.4
38 84 25.4
39 40 13.2
40 41 11.0
41 42 18.3
41 72 10.0
41 88 8.1
41 95 62.4
42 43 56.6
43 44 44.9
43 78 88.1
44 45 27.9
44 95 62.3
45 46 7.9
46 47 93.6
46 70 7.8
47 48 18.5
47 71 25.7
48 49 22.7
48 74 1.2
49 50 55.8
50 51 19.8
50 60 72.2
50 86 59.6
51 52 13.4
51 54 56.9
51 63 49.4
51 81 70.3
52 53 89.1
52 94 59.9
53 54 35.7
54 55 2.1
55 56 30.8
56 57 13.7
57 58 76.4
57 66 84.6
58 59 52.1
58 86 100.0
58 99 32.2
59 60 93.4
60 61 2.2
60 66 69.3
60 72 73.7
61 62 67.7
61 85 34.3
62 63 77.3
62 69 81.9
63 64 31.0
64 65 27.3
64 66 96.8
65 66 68.1
65 70 75.0
65 72 33.7
66 67 29.8
66 84 22.9
67 68 13.8
68 69 26.2
68 93 57.0
69 70 61.2
70 71 57.9
71 72 92.6
72 73 78.1
72 95 32.5
73 74 12.6
73 86 99.1
73 95 49.3
74 75 15.2
75 76 4.9
76 77 77.1
77 78 60.1
77 85 5.0
78 79 48.4
79 80 32.1
79 93 76.3
79 95 91.4
80 81 65.7
81 82 63.0
82 83 39.1
83 84 86.0
84 85 93.2
84 86 67.3
84 98 8.6
85 86 67.3
86 87 89.3
87 88 37.0
87 99 22.4
88 89 81.3
88 95 56.2
89 90 36.0
90 91 35.9
91 92 22.7
92 93 75.9
93 94 12.6
94 95 95.1
95 96 96.7
96 97 93.7
97 98 32.0
98 99 18.1
99 100 81.5
