1 2 11.0
1 69 17.5
1 73 32.7
2 3 97.8
2 96 4.0
3 4 6.2
4 5 6.5
5 6 43.0
5 49 4.6
5 64 97.4
5 66 67.7
6 7 5.2
7 8 79.0
7 34 8.3
8 9 44.5
8 14 20.5
8 59 92.8
8 94 99.4
9 10 25.3
10 11 41.0
10 25 61.3
10 30 18.0
10 50 9.2
11 12 72.8
11 71 65.3
11 90 43.5
12 13 27.8
12 23 91.3
12 59 55.3
12 71 53.3
12 90 17.4
13 14 84.6
14 15 58.4
15 16 21.6
16 17 88.6
17 18 89.4
17 55 63.5
17 77 18.8
18 19 58.9
19 20 41.6
19 70 90.5
20 21 62.2
21 22 70.0
21 29 47.1
22 23 65.5
22 81 80.8
23 24 21.2
23 33 56.6
23 42 62.6
23 52 73.9
23 54 92.1
23 100 56.0
24 25 11.3
24 26 30.6
25 26 9.8
26 27 90.8
26 68 86.4
27 28 12.0
27 33 33.3
27 37 7.5
27 44 37.1
27 56 64.8
28 29 64.1
28 61 99.9
28 92 87.6
29 30 8.2
29 49 54.3
29 82 42.8
30 31 13.7
30 56 17.4
30 91 54.8
31 32 24.2
31 47 14.4
32 33 42.5
33 34 35.8
33 47 89.0
33 66 27.3
33 84 51.3
34 35 65.3
34 65 83.9
34 71 99.2
34 75 49.6
35 36 76.6
36 37 17.1
36 56 47.1
36 68 81.7
37 38 24.5
38 39 52.2
38 67 89.6
39 40 35.1
39 59 53.2
39 91 28.4
40 41 13.5
41 42 20.5
42 43 4.4
42 89 16.9
43 44 93.0
43 86 10.1
43 97 19.9
44 45 99.6
44 55 24.2
44 59 5.9
45 46 58.2
45 50 70.8
45 57 87.1
45 58 15.0
46 47 1.1
46 73 28.0
46 91 56.1
47 48 72.8
48 49 45.6
49 50 15.3
50 51 7.6
51 52 71.7
51 61 40.3
51 94 28.9
52 53 20.6
52 95 54.5
53 54 2.9
54 55 98.7
55 56 88.6
55 84 51.3
56 57 60.2
57 58 13.4
58 59 10.2
59 60 98.3
60 61 58.6
60 65 17.2
60 88 5.6
61 62 61.2
62 63 74.6
63 64 69.1
63 94 77.9
64 65 60.2
65 66 80.2
66 67 41.8
66 87 29.8
66 97 20.8
67 68 7.5
68 69 68.4
68 85 6.9
68 90 80.0
69 70 87.9
70 71 30.9
71 72 58.9
71 96 17.4
72 73 85.7
72 94 29.7
73 74 29.4
73 76 25.8
74 75 6.6
74 87 76.0
75 76 84.0
76 77 27.2
77 78 17.4
78 79 38.1
79 80 60.8
80 81 11.1
80 91 58.7
80 92 62.9
81 82 28.6
82 83 71.1
83 84 80.9
84 85 97.0
85 86 47.7
86 87 6.2
87 88 55.4
87 97 88.2
88 89 78.6
89 90 81.4
90 91 97.7
91 92 8.9
92 93 61.0
93 94 68.1
94 95 64.9
95 96 49.7
96 97 46.9
97 98 9.8
98 99 13.4
99 100 56.2
