1 2 74.8
2 3 58.5
2 77 90.6
3 4 1.3
3 23 58.1
3 71 9.3
4 5 28.7
4 57 33.9
4 99 15.6
5 6 6.8
5 55 15.0
6 7 27.2
6 9 87.7
6 46 97.9
6 68 67.8
6 92 98.4
7 8 90.1
7 64 34.1
7 68 3.1
7 76 90.0
8 9 74.6
8 16 36.2
8 98 34.6
9 10 41.3
10 11 41.2
10 17 13.7
11 12 89.7
11 43 57.0
11 96 46.6
12 13 75.6
13 14 23.7
13 21 99.0
13 30 66.5
13 41 88.2
13 54 8.4
13 93 95.1
14 15 32.1
14 26 50.2
15 16 27.7
15 21 98.1
16 17 19.5
16 30 61.9
16 51 21.3
16 55 37.6
16 65 78.3
17 18 63.2
17 45 16.7
17 56 70.8
18 19 1.5
18 57 40.5
18 97 62.7
19 20 7.8
19 31 13.1
19 33 25.5
19 62 20.7
20 21 2.9
20 29 91.0
20 56 48.8
21 22 38.5
22 23 52.6
22 100 15.0
23 24 74.0
24 25 13.3
24 26 75.6
24 97 85.3
25 26 33.3
25 63 68.6
25 68 26.3
26 27 67.6
26 90 66.9
27 28 99.2
28 29 42.0
29 30 91.8
30 31 72.0
31 32 18.7
31 73 6.3
31 78 62.9
32 33 30.4
32 79 25.2
33 34 33.0
34 35 25.5
34 48 50.9
34 82 7.4
35 36 47.8
35 49 69.3
35 67 40.9
36 37 34.0
36 54 9.8
37 38 95.3
38 39 63.9
39 40 16.5
39 44 24.9
40 41 19.4
41 42 53.5
42 43 81.9
42 83 76.3
42 87 75.8
42 88 1.5
43 44 99.7
43 59 91.1
44 45 64.4
45 46 26.7
46 47 96.5
47 48 26.5
47 66 78.5
47 84 75.7
48 49 22.3
48 67 63.4
48 89 9.9
49 50 74.0
49 69 27.8
50 51 19.1
51 52 32.7
51 94 55.4
52 53 29.5
52 83 79.6
53 54 12.1
53 93 94.8
54 55 91.8
54 87 6.1
54 88 11.1
55 56 3.5
56 57 61.1
57 58 50.4
58 59 28.6
58 98 79.1
59 60 91.6
59 74 91.2
60 61 7.3
61 62 33.0
62 63 41.6
62 94 61.8
63 64 21.2
64 65 33.5
64 96 93.0
65 66 44.2
66 67 65.1
66 74 22.7
66 100 20.4
67 68 43.4
68 69 87.0
69 70 23.0
70 71 75.4
71 72 6.5
72 73 67.3
73 74 13.3
74 75 71.5
75 76 36.8
76 77 12.7
76 89 81.9
76 98 88.6
77 78 89.5
77 88 90.9
78 79 58.8
79 80 32.3
79 100 29.1
80 81 48.8
80 95 60.6
81 82 9.6
82 83 29.9
83 84 7.7
84 85 15.8
84 99 85.1
85 86 96.7
86 87 59.3
87 88 81.9
88 89 36.1
89 90 87.5
90 91 16.8
90 98 16.9
91 92 85.2
92 93 60.5
93 94 15.4
94 95 60.6
95 96 80.2
96 97 58.0
96 98 63.8
97 98 22.1
98 99 98.8
99 100 43.9
