1 2 48.8
1 23 95.4
1 25 77.5
1 72 13.5
1 90 18.0
2 3 16.0
2 58 87.3
3 4 62.1
3 62 25.1
4 5 84.2
4 30 82.1
4 56 84.1
5 6 57.7
5 22 7.3
6 7 61.3
6 40 67.1
6 71 25.5
7 8 99.2
7 38 57.8
8 9 88.0
8 93 38.9
9 10 82.0
9 22 69.8
10 11 46.2
10 78 36.6
11 12 56.3
11 40 42.8
11 64 1.4
12 13 35.8
13 14 41.2
13 53 27.0
13 87 54.2
14 15 62.5
14 18 43.2
15 16 66.5
15 20 48.1
15 48 22.2
15 94 8.9
16 17 76.6
17 18 86.5
17 88 68.9
18 19 14.9
18 25 3.0
19 20 19.2
19 21 77.9
19 51 25.1
19 93 22.0
20 21 61.3
20 65 7.0
21 22 97.3
21 39 87.3
21 66 18.8
21 71 71.0
21 75 49.2
22 23 67.9
22 29 26.9
22 45 62.1
22 50 32.3
23 24 85.7
23 25 27.0
23 100 77.4
24 25 34.6
25 26 27.1
25 46 17.3
25 47 29.2
26 27 11.8
26 33 58.6
27 28 10.8
28 29 32.9
29 30 87.9
29 62 84.5
29 97 42.2
30 31 15.7
31 32 54.1
31 58 28.4
32 33 45.3
33 34 38.3
33 77 15.1
34 35 70.5
35 36 60.8
35 63 11.0
35 65 51.8
35 86 54.2
36 37 10.5
37 38 63.3
38 39 24.7
38 88 98.5
39 40 74.5
39 62 5.7
39 67 34.4
39 70 97.0
40 41 52.5
40 89 4.0
40 100 73.9
41 42 27.8
41 59 50.6
42 43 8.4
42 49 31.3
43 44 78.5
43 80 11.7
44 45 84.6
44 89 23.6
45 46 27.3
45 74 35.6
46 47 29.5
47 48 40.4
48 49 44.1
48 70 86.1
49 50 47.6
50 51 4.0
51 52 87.4
52 53 46.2
52 58 61.5
53 54 51.2
53 92 26.8
54 55 74.4
55 56 14.6
56 57 50.2
57 58 72.7
57 63 80.4
58 59 43.2
59 60 5.1
59 97 96.5
60 61 20.1
60 79 17.1
60 95 62.6
61 62 70.8
61 93 93.0
62 63 25.4
62 68 56.3
63 64 37.9
64 65 68.4
64 93 63.5
65 66 50.9
65 81 34.7
66 67 81.0
67 68 15.2
67 90 31.6
68 69 40.8
69 70 57.1
70 71 20.2
70 97 94.7
71 72 36.5
72 73 18.5
73 74 60.3
73 80 37.7
73 84 18.2
74 75 75.0
74 84 96.4
75 76 30.9
76 77 59.0
76 84 50.7
77 78 84.4
78 79 84.4
78 91 78.4
79 80 76.1
80 81 73.3
81 82 74.1
82 83 8.3
82 85 63.2
82 95 6.1
83 84 52.0
83 86 32.7
84 85 58.9
84 92 73.7
85 86 85.2
86 87 98.0
87 88 46.0
88 89 71.7
89 90 27.8
90 91 24.3
91 92 62.3
92 93 85.7
93 94 10.8
94 95 75.9
95 96 66.9
96 97 84.9
97 98 23.5
98 99 48.8
99 100 21.9
