1 2 73.6
1 4 20.8
1 25 89.7
1 27 98.3
1 33 55.2
1 81 64.9
1 84 48.3
2 3 95.0
2 51 43.2
2 82 97.7
3 4 90.3
4 5 44.3
4 25 70.4
4 98 1.7
5 6 14.5
6 7 96.2
7 8 89.9
8 9 58.3
8 79 95.9
9 10 28.8
9 76 69.2
10 11 37.6
10 33 65.4
10 74 69.8
11 12 99.8
11 21 63.6
11 98 15.6
12 13 49.8
12 15 37.2
12 91 24.1
13 14 52.7
13 36 54.7
13 74 28.8
14 15 11.4
15 16 22.4
15 29 22.0
16 17 58.1
16 46 57.7
16 72 22.7
16 80 89.8
17 18 27.2
17 34 23.0
17 57 64.5
18 19 18.9
18 84 5.7
18 93 10.9
19 20 37.0
19 36 85.8
19 51 14.2
19 60 57.8
19 69 88.2
20 21 65.4
20 68 45.2
20 84 80.2
21 22 23.0
21 56 10.3
21 68 8.6
21 81 57.9
22 23 79.2
22 62 48.6
22 73 45.7
23 24 91.8
23 66 47.4
24 25 14.0
24 55 71.2
25 26 64.1
25 50 17.6
25 62 86.4
25 93 74.8
26 27 37.4
26 34 75.8
26 97 39.0
27 28 51.0
27 88 93.2
27 96 17.0
28 29 74.1
28 49 57.0
28 61 63.0
29 30 16.1
30 31 90.1
31 32 17.0
31 70 50.7
32 33 1.1
32 93 77.1
33 34 33.2
33 56 45.3
34 35 37.3
34 54 41.9
35 36 5.7
35 42 24.3
36 37 58.0
37 38 71.4
37 41 8.4
38 39 95.5
39 40 22.4
39 93 87.5
40 41 79.8
41 42 10.0
42 43 56.2
43 44 2.6
44 45 13.2
44 62 63.6
45 46 62.9
46 47 13.2
46 86 97.0
47 48 60.6
48 49 49.2
49 50 4.5
50 51 41.5
50 54 49.1
51 52 59.3
51 100 73.5
52 53 5.7
53 54 65.3
53 80 52.9
54 55 54.1
55 56 82.6
56 57 89.0
56 59 53.6
57 58 65.9
57 81 7.1
57 95 29.0
58 59 94.2
59 60 85.6
59 79 40.4
60 61 33.7
61 62 45.9
61 94 84.0
62 63 71.1
62 73 15.5
63 64 57.9
63 81 79.4
64 65 15.4
65 66 78.7
65 89 2.2
66 67 64.0
67 68 33.5
68 69 69.4
69 70 12.9
70 71 57.6
71 72 70.1
71 77 81.7
72 73 97.6
72 83 88.2
73 74 11.0
73 90 31.4
74 75 87.5
74 85 36.3
75 76 4.9
75 93 18.4
76 77 65.8
77 78 40.8
77 87 10.9
77 99 93.1
78 79 94.6
79 80 63.7
80 81 36.3
80 96 32.9
80 98 87.8
81 82 10.4
81 85 39.7
82 83 46.5
83 84 13.7
84 85 37.3
84 100 38.3
85 86 96.9
86 87 38.7
87 88 75.2
88 89 14.9
89 90 8.6
90 91 11.4
91 92 33.6
92 93 82.3
93 94 66.8
94 95 97.5
95 96 8.6
96 97 45.4
97 98 42.2
98 99 23.3
99 100 9.9
