1 2 94.2
1 70 17.9
2 3 41.2
2 4 52.9
2 12 30.1
3 4 40.8
4 5 74.0
5 6 93.8
5 22 49.0
5 40 57.1
6 7 67.6
6 78 21.4
6 87 25.4
7 8 91.8
8 9 94.0
8 24 45.2
8 29 88.4
8 60 84.7
9 10 83.0
9 34 68.3
10 11 14.2
10 25 3.8
10 28 79.2
10 55 65.0
10 86 14.8
11 12 1.9
12 13 24.5
12 40 45.4
12 58 14.4
13 14 7.6
13 64 39.8
13 79 89.8
13 89 85.7
14 15 14.2
15 16 86.4
15 93 21.3
16 17 38.8
16 84 78.1
16 100 61.8
17 18 48.6
17 26 54.0
18 19 94.3
18 86 15.6
19 20 44.5
20 21 69.2
20 59 41.0
20 75 96.4
21 22 93.2
22 23 71.4
22 25 21.1
22 31 24.0
23 24 87.2
23 53 11.3
24 25 81.5
24 92 48.4
25 26 1.4
25 50 90.2
26 27 7.3
26 41 28.6
26 62 25.3
27 28 31.6
27 63 97.9
28 29 22.1
29 30 33.7
29 83 25.2
29 91 45.3
30 31 79.2
30 93 45.2
31 32 24.0
31 44 79.9
31 48 61.6
31 90 63.8
32 33 16.0
33 34 4.2
33 71 35.4
34 35 41.9
34 76 90.5
34 95 24.7
35 36 57.7
35 63 39.3
36 37 21.6
37 38 36.9
37 87 95.2
38 39 77.2
39 40 2.6
39 89 43.4
40 41 71.8
41 42 25.8
41 63 82.5
42 43 21.6
42 45 68.9
43 44 12.2
43 62 86.2
43 72 77.4
43 92 60.4
44 45 92.4
45 46 13.3
46 47 50.4
46 68 97.2
47 48 2.7
48 49 98.1
48 61 76.3
48 75 61.2
48 80 84.2
49 50 47.4
50 51 92.1
50 60 6.2
50 75 31.5
50 91 76.6
51 52 96.6
51 63 19.5
52 53 44.6
53 54 66.3
53 55 75.7
53 80 51.4
54 55 43.1
54 78 46.6
54 89 30.4
54 91 94.4
55 56 34.7
56 57 10.7
57 58 88.8
57 96 98.0
58 59 28.0
58 81 75.0
59 60 49.2
59 69 18.3
59 77 26.3
60 61 31.9
61 62 7.9
62 63 33.1
62 70 60.3
63 64 83.5
63 89 59.9
64 65 45.8
64 100 92.5
65 66 54.9
65 75 93.5
66 67 69.5
67 68 86.2
68 69 18.9
68 73 68.2
69 70 73.5
69 73 92.1
69 97 67.2
70 71 27.3
70 97 55.4
71 72 99.5
72 73 98.7
73 74 92.3
74 75 86.8
75 76 97.8
76 77 20.2
76 79 13.5
76 100 48.9
77 78 81.3
78 79 43.2
79 80 26.4
80 81 33.2
80 91 14.1
81 82 23.5
82 83 24.7
83 84 35.6
84 85 34.4
84 89 74.7
85 86 28.4
86 87 77.1
87 88 92.9
88 89 72.8
89 90 1.4
90 91 17.0
91 92 1.5
92 93 15.2
93 94 70.1
94 95 44.4
95 96 87.7
96 97 29.5
97 98 31.9
98 99 26.6
99 100 49.0
