1 2 54.9
2 3 67.7
2 9 42.0
3 4 72.5
3 10 23.1
3 39 82.5
4 5 3.8
4 38 96.9
5 6 63.5
5 19 74.2
5 37 47.0
6 7 8.1
6 28 90.9
6 30 11.1
6 54 19.9
6 69 58.4
7 8 71.6
8 9 87.3
9 10 84.8
10 11 10.5
10 22 94.3
10 39 48.8
10 100 34.2
11 12 95.2
11 22 55.0
11 77 53.0
12 13 12.5
13 14 20.4
14 15 71.7
14 22 82.5
14 45 23.3
14 91 5.3
15 16 23.2
16 17 46.8
16 48 28.6
16 79 89.1
17 18 43.9
17 36 1.3
17 54 47.8
18 19 24.2
18 66 81.1
19 20 54.0
19 74 3.8
20 21 18.6
20 40 45.8
21 22 1.4
21 93 62.5
22 23 52.1
22 87 89.3
23 24 16.7
23 89 77.5
24 25 93.8
25 26 40.6
25 75 14.8
25 89 61.2
26 27 74.7
26 77 59.5
26 91 7.5
27 28 19.0
27 87 95.2
28 29 5.5
29 30 47.8
30 31 83.0
30 92 70.2
31 32 31.2
31 45 79.1
31 49 41.2
31 77 63.3
31 83 50.9
31 90 59.4
32 33 60.6
32 90 99.1
33 34 8.8
33 80 1.8
34 35 67.6
35 36 86.8
35 73 67.6
36 37 51.0
36 89 73.2
37 38 96.0
37 60 13.1
37 93 13.7
38 39 83.4
39 40 87.7
39 60 90.6
40 41 82.0
40 79 38.0
41 42 10.6
41 61 87.4
42 43 45.7
42 68 20.0
43 44 26.7
44 45 40.9
44 52 91.8
44 53 25.6
44 76 97.9
44 95 35.3
45 46 48.2
46 47 23.9
46 48 55.6
46 56 1.9
46 85 66.2
47 48 82.7
48 49 75.3
48 57 55.1
49 50 16.2
50 51 92.6
51 52 86.1
52 53 8.3
52 70 29.0
53 54 20.0
53 74 97.7
54 55 94.7
55 56 88.5
55 60 24.1
55 82 47.6
55 92 52.3
56 57 87.2
56 83 62.5
57 58 75.8
57 84 60.6
58 59 99.0
58 68 99.5
58 78 24.4
58 86 54.7
59 60 15.4
59 86 78.8
60 61 49.4
60 83 84.5
61 62 36.4
61 70 66.9
62 63 95.8
63 64 38.5
63 67 68.0
64 65 17.5
64 83 74.5
65 66 74.4
66 67 41.4
66 87 80.7
67 68 43.7
67 77 69.0
68 69 65.0
69 70 66.9
70 71 66.3
71 72 16.6
72 73 11.7
73 74 72.8
73 88 34.7
73 99 93.9
74 75 80.6
74 79 40.0
75 76 82.8
76 77 82.9
77 78 5.0
77 79 95.8
78 79 85.6
79 80 7.5
79 94 37.9
80 81 85.7
81 82 33.9
82 83 84.4
83 84 64.7
84 85 11.6
84 99 30.0
85 86 20.6
86 87 33.4
87 88 96.0
88 89 86.7
89 90 12.9
90 91 41.6
91 92 34.4
92 93 21.0
93 94 76.2
93 97 55.5
94 95 35.4
95 96 91.0
96 97 50.7
97 98 43.8
98 99 16.5
99 100 7.6
