1 2 65.0
1 17 34.8
1 31 51.8
1 38 25.4
1 69 15.2
1 82 36.9
2 3 67.8
2 14 70.3
2 71 10.8
3 4 71.9
4 5 34.0
5 6 6.9
5 32 86.0
6 7 87.7
7 8 92.6
7 25 6.8
8 9 30.8
8 50 43.5
8 82 7.7
9 10 44.6
9 83 40.6
10 11 89.9
10 16 29.5
10 63 98.4
11 12 89.8
11 69 31.2
11 78 23.8
12 13 14.5
12 18 29.4
12 42 55.6
12 43 71.1
13 14 54.0
13 95 95.3
14 15 19.4
15 16 58.3
15 19 44.7
15 75 91.4
15 89 21.6
16 17 81.7
16 24 12.6
16 73 36.2
17 18 85.8
17 54 37.4
18 19 80.0
18 41 69.0
18 69 19.9
19 20 32.8
19 71 85.0
20 21 47.9
20 63 29.1
21 22 78.3
21 71 99.2
22 23 55.1
22 98 55.6
22 100 80.5
23 24 56.2
24 25 46.0
24 44 37.7
24 82 49.6
25 26 75.5
25 98 38.8
26 27 18.9
26 99 35.0
27 28 38.1
27 49 20.1
27 69 6.4
27 70 51.9
28 29 85.2
28 36 98.0
28 47 9.3
29 30 36.9
30 31 90.5
30 46 78.7
30 51 44.3
30 56 82.5
31 32 81.4
32 33 95.2
32 53 18.7
33 34 55.6
33 77 80.1
34 35 69.0
34 88 90.8
35 36 15.3
35 74 77.6
36 37 65.2
36 39 61.9
36 48 56.6
36 83 73.6
37 38 13.9
38 39 34.4
38 41 27.0
38 87 13.4
39 40 69.2
40 41 53.5
41 42 30.7
41 81 3.4
42 43 54.9
42 64 85.8
42 75 13.3
43 44 57.7
43 71 52.2
44 45 82.7
44 58 55.1
45 46 49.2
46 47 89.2
46 57 31.5
47 48 52.0
47 70 5.3
48 49 46.3
48 100 25.6
49 50 18.9
49 81 27.5
50 51 57.0
51 52 26.9
52 53 77.1
52 63 75.1
52 68 49.5
53 54 65.9
54 55 60.9
55 56 16.6
55 71 90.2
56 57 70.4
56 58 51.9
56 75 46.2
56 89 77.6
57 58 21.1
57 68 32.5
57 82 79.3
58 59 70.2
59 60 84.7
59 81 14.6
60 61 26.8
61 62 89.8
62 63 47.4
62 66 68.5
63 64 17.2
63 99 77.7
64 65 48.1
65 66 40.6
66 67 34.3
66 88 88.1
67 68 84.5
68 69 62.5
69 70 38.2
69 72 6.1
69 76 14.3
69 95 79.2
70 71 20.9
71 72 81.3
72 73 71.1
73 74 44.2
74 75 55.4
75 76 89.3
75 92 4.7
76 77 39.8
77 78 86.1
78 79 40.1
79 80 19.0
80 81 33.0
81 82 66.0
82 83 9.1
83 84 66.6
84 85 27.5
85 86 86.6
86 87 38.8
87 88 69.5
88 89 34.6
88 91 79.5
89 90 3.3
90 91 97.9
91 92 79.2
92 93 82.3
92 99 62.9
93 94 74.0
94 95 23.6
95 96 19.3
96 97 89.6
97 98 36.6
98 99 20.0
99 100 58.2
